{
 "cells": [
  {
   "cell_type": "code",
   "execution_count": 2,
   "metadata": {},
   "outputs": [],
   "source": [
    "import numpy as np\n",
    "import pandas as pd\n",
    "import math\n",
    "from numpy.linalg import *\n",
    "import time"
   ]
  },
  {
   "cell_type": "code",
   "execution_count": 78,
   "metadata": {},
   "outputs": [
    {
     "name": "stdout",
     "output_type": "stream",
     "text": [
      "0 percent completed\n",
      "10 percent completed\n",
      "20 percent completed\n",
      "30 percent completed\n",
      "40 percent completed\n",
      "50 percent completed\n",
      "60 percent completed\n",
      "70 percent completed\n",
      "80 percent completed\n",
      "90 percent completed\n",
      "100 percent completed\n",
      "[0 0 0 0 0 1 0 0 0 0 1 0 0 0 0 0 0 0 0 0 0 1 1 1 1 1 1 1 1 1 1 1 1 1 1 1 1\n",
      " 1 1 1 1 1 1 2 2 2 2 2 2 2 2 2 2 2 2 2 2 2 2 2 2 2 2 2 2 3 3 3 3 3 3 3 3 3\n",
      " 3 3 3 3 3 3 3 3 3 3 3 0 0 0 0 0 0 0 0 0 0 0 0 0 0 0 0 0 0 0 0 0 1 1 1 0 1\n",
      " 1 1 1 1 1 1 1 1 1 1 3 1 1 1 1 1 1 2 2 2 3 2 2 2 2 2 2 2 2 2 2 2 2 2 2 2 2\n",
      " 2 2 3 3 3 3 3 3 3 3 3 3 3 3 3 3 3 3 3 3 3 3 0 0 0 0 0 1 1 0 1 0 0 0 0 0 0\n",
      " 0 0 0 0 0 0 1 1 1 0 1 1 1 1 1 1 1 1 1 1 1 1 1 1 1 1 1 1 2 2 2 2 2 2 2 2 2\n",
      " 2 2 2 2 2 2 2 2 2 2 2 2 2 3 3 3 3 3 3 3 3 3 3 3 3 3 3 3 3 3 3 3 3 0 0 0 0\n",
      " 0 0 0 0 0 1 0 1 1 0 0 0 0 0 1 0 0 1 1 1 1 1 1 1 0 0 1 1 1 1 1 1 1 1 1 1 1\n",
      " 1 0 2 2 2 2 2 2 2 2 2 2 2 2 2 2 2 2 2 2 2 2 2 2 3 3 3 3 3 3 3 3 3 3 3 3 3\n",
      " 3 3 3 3 3 3 3 0 3 0 1 0 0 0 0 1 1 0 0 0 0 0 0 0 1 0 1 0 1 1 1 1 0 1 1 1 1\n",
      " 1 1 1 1 1 1 1 1 1 1 1 1 1 2 2 2 2 2 2 2 2 2 2 2 2 2 2 2 2 2 2 2 2 2 2 3 3\n",
      " 3 3 3 3 3 3 3 3 3 3 3 3 3 3 3 3 3 3]\n",
      "col_0   0    1    2    3\n",
      "row_0                   \n",
      "1.0    90   14    0    1\n",
      "2.0     6  103    0    1\n",
      "3.0     0    0  109    1\n",
      "4.0     0    0    0  100\n",
      "0.9458823529411765\n",
      "[1 0 1 3 0 0 1 0 0 0 0 0 1 1 0 0 0 2 0 0 0 1 0 1 1 1 0 1 1 1 0 1 1 1 0 1 1\n",
      " 1 0 0 0 1 0 2 2 2 2 2 2 2 2 2 2 2 2 2 2 2 2 2 2 2 2 2 2 3 3 3 3 3 3 3 3 2\n",
      " 3 3 3 3 3 3 3 3 3 3 3 0 0 0 0 0 1 0 1 0 0 0 0 1 1 0 0 0 0 0 0 3 1 0 3 1 1\n",
      " 1 3 1 1 1 1 2 1 0 1 0 1 0 1 0 1 1 3 2 2 2 2 2 2 2 2 2 2 2 2 2 2 2 2 2 2 2\n",
      " 2 2 3 3 3 3 3 3 3 2 3 3 3 3 3 3 3 3 3 3 3 3 1 1 0 0 3 0 0 0 0 0 0 0 0 0 0\n",
      " 0 1 0 0 0 0 1 1 1 0 1 1 0 0 2 3 1 0 1 0 1 0 1 1 1 1 1 1 2 3 2 2 2 2 2 2 2\n",
      " 2 2 2 2 2 2 2 2 2 2 2 2 2 3 3 3 3 3 3 3 3 3 3 3 3 3 3 3 3 3 3 3 3 1 1 1 0\n",
      " 1 0 0 1 0 0 3 1 0 1 0 1 0 0 0 0 1 3 0 0 1 1 1 3 1 1 0 2 0 0 1 1 1 1 0 1 1\n",
      " 1 2 2 2 2 2 2 2 2 2 2 2 2 2 2 2 2 2 2 2 2 3 3 3 2 3 3 3 3 3 3 3 3 3 3 3 3\n",
      " 3 3 3]\n",
      "col_0   0   1   2   3\n",
      "row_0                \n",
      "1.0    59  21   1   5\n",
      "2.0    24  54   3   4\n",
      "3.0     0   0  84   2\n",
      "4.0     0   0   3  76\n",
      "0.8125\n"
     ]
    }
   ],
   "source": [
    "\n",
    "#input term\n",
    "trfname='veh.dat'\n",
    "tstfname='vehtest.dat'\n",
    "form=','\n",
    "header=None\n",
    "\n",
    "\n",
    "cl=19\n",
    "col = int(cl)-1\n",
    "\n",
    "train = np.genfromtxt(trfname, delimiter=',')\n",
    "test = np.genfromtxt(tstfname, delimiter=',')\n",
    "\n",
    "#calculate term\n",
    "X = np.delete(train, col, 1) # input variable\n",
    "Y = train[:,col] # target variable\n",
    "\n",
    "n = len(train) # number of obs\n",
    "p = X.shape[1] # number of variables\n",
    "\n",
    "testX = np.delete(test, col, 1) # input variable\n",
    "testY = test[:,col] # target variable\n",
    "\n",
    "g = np.array(list(set(Y))) # unique value of target variable\n",
    "k = len(g) # number of unique values\n",
    "\n",
    "#calculate mean of each variables by y values\n",
    "tmp=[]\n",
    "for i in g:\n",
    "    tmp.append(X[np.where(train[:,col]==i)])\n",
    "xby = np.array(tmp)\n",
    "xbar = np.array(list(map(lambda x : np.mean(x,axis=0),xby)))\n",
    "\n",
    "#prior probability\n",
    "pw=[]\n",
    "for i in range(k):\n",
    "    pw.append(xby[i].shape[0]/n)\n",
    "pw = np.array(pw)\n",
    "\n",
    "#np.cov(xby[0].transpose())\n",
    "S0 = np.array(list(map(lambda x : np.cov(x.transpose()) , xby)))\n",
    "\n",
    "\n",
    "sigma =np.zeros((p,p))\n",
    "for i in range(k):\n",
    "    sigma = sigma + (xby[i].shape[0]-1)*S0[i]\n",
    "Sp=sigma*(1/(n-k))\n",
    "\n",
    "def dk(vec, S = S0):\n",
    "    out=[]\n",
    "    for i in range(k):\n",
    "        out.append(-0.5*(math.log(det(S[i])))-0.5*((vec-xbar[i]).dot(inv(S[i])).dot((vec-xbar[i]).transpose())) +math.log(pw[i]))\n",
    "    return(out)\n",
    "def pred(vec):\n",
    "    out=pd.DataFrame(g).loc[pd.DataFrame([g,vec]).iloc[1]==max(pd.DataFrame([g,vec]).iloc[1])].iloc[0][0]\n",
    "    return(out)\n",
    "\n",
    "tp = np.array(list(map(dk,X)))\n",
    "yhat = np.argmax(tp,axis =1)\n",
    "cont = pd.crosstab(Y,yhat)\n",
    "acc = sum(np.diag(cont))/n\n",
    "s2=np.diag(Sp).mean()\n",
    "def getacc(Sk ,a,r):\n",
    "    Sar = a*Sk + (1 - a)*(r*Sp + (1 - r)*s2*np.identity(p))\n",
    "    tp2 = np.array(list(map(lambda x : dk(x,Sar),X)))\n",
    "    yhatg = np.argmax(tp2,axis =1)\n",
    "    contg = pd.crosstab(Y,yhatg)\n",
    "    acc2 = sum(np.diag(contg))/n\n",
    "    return(acc2)\n",
    "#ready for grid search\n",
    "df = pd.DataFrame()\n",
    "for i in range(21):\n",
    "    df=df.append(pd.DataFrame(np.zeros(21)).transpose())\n",
    "alpha = gamma = list(map(lambda x : x/20 , list(range(21))))\n",
    "df.columns=alpha\n",
    "df.index=gamma\n",
    "for a ,i in zip(alpha , range(21)):\n",
    "    if i%2 == 0:\n",
    "        print(\"%d percent completed\" %(i*5))\n",
    "    for r, j in zip(gamma, range(21)) :\n",
    "        df.iloc[i,j]= getacc(S0,a,r)\n",
    "#get the optimized value of alpha & gamma (alpha = 0.53, beta = 1)\n",
    "argm=df.stack().index[np.argmax(df.values)]\n",
    "a = argm[0]\n",
    "r = argm[1]\n",
    "Snew = a*S0 + (1 - a)*(r*Sp + (1 - r)*s2*np.identity(p))\n",
    "\n",
    "#resub output\n",
    "tp = np.array(list(map(lambda x : dk(x,Snew),X)))\n",
    "yhat = np.argmax(tp,axis =1)\n",
    "cont = pd.crosstab(Y,yhat)\n",
    "acc = sum(np.diag(cont))/n\n",
    "\n",
    "#test output\n",
    "ttp = np.array(list(map(lambda x : dk(x,Snew),testX)))\n",
    "tyhat = np.argmax(ttp,axis =1)\n",
    "tcont = pd.crosstab(testY,tyhat)\n",
    "tacc = sum(np.diag(tcont))/len(test)\n",
    "#print(tp)\n",
    "print(yhat)\n",
    "print(cont)\n",
    "print(acc)\n",
    "\n",
    "#print(ttp)\n",
    "print(tyhat)\n",
    "print(tcont)\n",
    "print(tacc)"
   ]
  },
  {
   "cell_type": "code",
   "execution_count": 13,
   "metadata": {},
   "outputs": [],
   "source": [
    "def getacc(Sk ,a,r):\n",
    "    Sar = a*Sk + (1 - a)*(r*Sp + (1 - r)*s2*np.identity(p))\n",
    "    tp2 = np.array(list(map(lambda x : dk(x,Sar),testX)))\n",
    "    yhatg = np.argmax(tp2,axis =1)\n",
    "    contg = pd.crosstab(testY,yhatg)\n",
    "    acc2 = sum(np.diag(contg))/len(test)\n",
    "    return(acc2)"
   ]
  },
  {
   "cell_type": "code",
   "execution_count": 14,
   "metadata": {},
   "outputs": [
    {
     "data": {
      "text/plain": [
       "0.8333333333333334"
      ]
     },
     "execution_count": 14,
     "metadata": {},
     "output_type": "execute_result"
    }
   ],
   "source": [
    "getacc(S0,0.95,1)"
   ]
  },
  {
   "cell_type": "code",
   "execution_count": 35,
   "metadata": {},
   "outputs": [
    {
     "data": {
      "text/plain": [
       "array([[ 9.68584070e+00,  5.05606099e+00,  1.30717091e+01,\n",
       "         2.58041945e+01,  1.72521164e+00,  9.16322689e-01,\n",
       "         2.94440731e+01, -6.60903354e+00,  2.30231394e+00,\n",
       "         1.20322957e+01,  2.64033869e+01,  1.59488090e+02,\n",
       "         2.25723134e+01, -1.43808709e+00,  1.61541201e+00,\n",
       "         8.63856410e-01,  2.40850384e+00,  2.97285109e+00],\n",
       "       [ 5.05606099e+00,  5.66203429e+00,  1.03844424e+01,\n",
       "         1.60634061e+01,  1.03238544e+00,  1.13753566e+00,\n",
       "         2.36535903e+01, -5.15814326e+00,  1.86592072e+00,\n",
       "         1.33686680e+01,  2.05358107e+01,  1.25570231e+02,\n",
       "         2.79617210e+01,  7.33488462e-01,  9.46120864e-01,\n",
       "        -5.69239891e-01, -7.70142235e-01,  1.03052090e-01],\n",
       "       [ 1.30717091e+01,  1.03844424e+01,  2.94360596e+01,\n",
       "         4.78013470e+01,  4.05516835e+00,  2.76652571e+00,\n",
       "         5.68198494e+01, -1.31792223e+01,  4.39942940e+00,\n",
       "         2.50560075e+01,  5.16105315e+01,  2.99467280e+02,\n",
       "         4.84208594e+01, -1.64289514e+00,  1.26749438e+00,\n",
       "         3.19624130e+00,  1.78662643e+00,  4.21593577e+00],\n",
       "       [ 2.58041945e+01,  1.60634061e+01,  4.78013470e+01,\n",
       "         1.38981924e+02,  2.51523105e+01,  8.73214559e+00,\n",
       "         9.37073556e+01, -2.36001340e+01,  7.06948444e+00,\n",
       "         3.82112436e+01,  9.29019211e+01,  4.95342367e+02,\n",
       "         6.80912263e+01, -7.26931014e+00,  1.61790903e+00,\n",
       "         3.36806511e+00,  1.27820918e+01,  1.69118269e+01],\n",
       "       [ 1.72521164e+00,  1.03238544e+00,  4.05516835e+00,\n",
       "         2.51523105e+01,  7.95969287e+00,  2.80973370e+00,\n",
       "         5.18359132e+00, -1.90804193e+00,  3.38404879e-01,\n",
       "         2.52665517e+00,  7.88828873e+00,  2.45153110e+01,\n",
       "         3.05702582e+00, -5.39087226e-01, -8.84346313e-02,\n",
       "         2.60672905e-02,  2.21346098e+00,  3.05002898e+00],\n",
       "       [ 9.16322689e-01,  1.13753566e+00,  2.76652571e+00,\n",
       "         8.73214559e+00,  2.80973370e+00,  2.51349197e+00,\n",
       "         4.84540351e+00, -1.21800191e+00,  3.73400682e-01,\n",
       "         3.12879981e+00,  6.35060112e+00,  2.32884349e+01,\n",
       "         5.07658939e+00,  1.31490032e+00,  3.80705887e-02,\n",
       "         3.43473817e-01, -2.50592551e-01,  3.05966585e-01],\n",
       "       [ 2.94440731e+01,  2.36535903e+01,  5.68198494e+01,\n",
       "         9.37073556e+01,  5.18359132e+00,  4.84540351e+00,\n",
       "         1.31881741e+02, -2.88871860e+01,  1.03543099e+01,\n",
       "         5.66700731e+01,  1.17766180e+02,  7.06759363e+02,\n",
       "         1.13397844e+02,  2.00079301e+00,  2.52374363e+00,\n",
       "         4.92753146e+00, -4.76455144e-01,  3.25157837e+00],\n",
       "       [-6.60903354e+00, -5.15814326e+00, -1.31792223e+01,\n",
       "        -2.36001340e+01, -1.90804193e+00, -1.21800191e+00,\n",
       "        -2.88871860e+01,  6.76726272e+00, -2.22771008e+00,\n",
       "        -1.24743166e+01, -2.61179642e+01, -1.52338304e+02,\n",
       "        -2.42130009e+01,  3.95181542e-01, -4.47745870e-01,\n",
       "        -7.92782830e-01, -8.05490161e-01, -1.78185614e+00],\n",
       "       [ 2.30231394e+00,  1.86592072e+00,  4.39942940e+00,\n",
       "         7.06948444e+00,  3.38404879e-01,  3.73400682e-01,\n",
       "         1.03543099e+01, -2.22771008e+00,  8.29241219e-01,\n",
       "         4.47221645e+00,  9.20771373e+00,  5.57222794e+01,\n",
       "         8.98113489e+00,  2.30118249e-01,  1.93500258e-01,\n",
       "         4.23422405e-01, -1.24985056e-01,  1.59464263e-01],\n",
       "       [ 1.20322957e+01,  1.33686680e+01,  2.50560075e+01,\n",
       "         3.82112436e+01,  2.52665517e+00,  3.12879981e+00,\n",
       "         5.66700731e+01, -1.24743166e+01,  4.47221645e+00,\n",
       "         3.31846543e+01,  4.85636205e+01,  2.97985377e+02,\n",
       "         6.42449607e+01,  1.50625223e+00,  2.10318401e+00,\n",
       "        -6.39857077e-01, -1.70769135e+00,  6.84477026e-01],\n",
       "       [ 2.64033869e+01,  2.05358107e+01,  5.16105315e+01,\n",
       "         9.29019211e+01,  7.88828873e+00,  6.35060112e+00,\n",
       "         1.17766180e+02, -2.61179642e+01,  9.20771373e+00,\n",
       "         4.85636205e+01,  1.13048208e+02,  6.32667120e+02,\n",
       "         1.00802520e+02,  3.41254163e+00,  1.60539114e+00,\n",
       "         4.82454651e+00,  1.60520482e-01,  2.72458040e+00],\n",
       "       [ 1.59488090e+02,  1.25570231e+02,  2.99467280e+02,\n",
       "         4.95342367e+02,  2.45153110e+01,  2.32884349e+01,\n",
       "         7.06759363e+02, -1.52338304e+02,  5.57222794e+01,\n",
       "         2.97985377e+02,  6.32667120e+02,  3.82083191e+03,\n",
       "         6.04665622e+02,  1.11690288e+01,  1.42118567e+01,\n",
       "         2.56647223e+01, -1.77941993e+00,  1.56874230e+01],\n",
       "       [ 2.25723134e+01,  2.79617210e+01,  4.84208594e+01,\n",
       "         6.80912263e+01,  3.05702582e+00,  5.07658939e+00,\n",
       "         1.13397844e+02, -2.42130009e+01,  8.98113489e+00,\n",
       "         6.42449607e+01,  1.00802520e+02,  6.04665622e+02,\n",
       "         1.55649810e+02,  7.49451470e+00,  5.28012377e+00,\n",
       "        -4.16036949e+00, -7.59733707e+00, -4.20150492e+00],\n",
       "       [-1.43808709e+00,  7.33488462e-01, -1.64289514e+00,\n",
       "        -7.26931014e+00, -5.39087226e-01,  1.31490032e+00,\n",
       "         2.00079301e+00,  3.95181542e-01,  2.30118249e-01,\n",
       "         1.50625223e+00,  3.41254163e+00,  1.11690288e+01,\n",
       "         7.49451470e+00,  6.49643055e+00, -1.95305937e-01,\n",
       "        -2.47692552e-01, -5.41242636e+00, -5.98557114e+00],\n",
       "       [ 1.61541201e+00,  9.46120864e-01,  1.26749438e+00,\n",
       "         1.61790903e+00, -8.84346313e-02,  3.80705887e-02,\n",
       "         2.52374363e+00, -4.47745870e-01,  1.93500258e-01,\n",
       "         2.10318401e+00,  1.60539114e+00,  1.42118567e+01,\n",
       "         5.28012377e+00, -1.95305937e-01,  3.99453319e+00,\n",
       "        -4.42973963e-01,  5.31417519e-01,  3.69123453e-01],\n",
       "       [ 8.63856410e-01, -5.69239891e-01,  3.19624130e+00,\n",
       "         3.36806511e+00,  2.60672905e-02,  3.43473817e-01,\n",
       "         4.92753146e+00, -7.92782830e-01,  4.23422405e-01,\n",
       "        -6.39857077e-01,  4.82454651e+00,  2.56647223e+01,\n",
       "        -4.16036949e+00, -2.47692552e-01, -4.42973963e-01,\n",
       "         1.16511241e+01,  2.40843918e-01,  1.22562365e+00],\n",
       "       [ 2.40850384e+00, -7.70142235e-01,  1.78662643e+00,\n",
       "         1.27820918e+01,  2.21346098e+00, -2.50592551e-01,\n",
       "        -4.76455144e-01, -8.05490161e-01, -1.24985056e-01,\n",
       "        -1.70769135e+00,  1.60520482e-01, -1.77941993e+00,\n",
       "        -7.59733707e+00, -5.41242636e+00,  5.31417519e-01,\n",
       "         2.40843918e-01,  6.44848333e+00,  6.59683563e+00],\n",
       "       [ 2.97285109e+00,  1.03052090e-01,  4.21593577e+00,\n",
       "         1.69118269e+01,  3.05002898e+00,  3.05966585e-01,\n",
       "         3.25157837e+00, -1.78185614e+00,  1.59464263e-01,\n",
       "         6.84477026e-01,  2.72458040e+00,  1.56874230e+01,\n",
       "        -4.20150492e+00, -5.98557114e+00,  3.69123453e-01,\n",
       "         1.22562365e+00,  6.59683563e+00,  7.86180650e+00]])"
      ]
     },
     "execution_count": 35,
     "metadata": {},
     "output_type": "execute_result"
    }
   ],
   "source": [
    "Sp"
   ]
  },
  {
   "cell_type": "code",
   "execution_count": 31,
   "metadata": {},
   "outputs": [
    {
     "data": {
      "text/plain": [
       "array([77.79976011, 93.16282151, 81.9947648 , 25.65301241])"
      ]
     },
     "execution_count": 31,
     "metadata": {},
     "output_type": "execute_result"
    }
   ],
   "source": [
    "(S0+Sp)[:,0,0]"
   ]
  },
  {
   "cell_type": "code",
   "execution_count": 113,
   "metadata": {},
   "outputs": [
    {
     "data": {
      "text/plain": [
       "array([0.  , 0.05, 0.1 , 0.15, 0.2 , 0.25, 0.3 , 0.35, 0.4 , 0.45, 0.5 ,\n",
       "       0.55, 0.6 , 0.65, 0.7 , 0.75, 0.8 , 0.85, 0.9 , 0.95, 1.  ])"
      ]
     },
     "execution_count": 113,
     "metadata": {},
     "output_type": "execute_result"
    }
   ],
   "source": [
    "np.arange(0., 1.001, 0.05)"
   ]
  },
  {
   "cell_type": "code",
   "execution_count": 1,
   "metadata": {},
   "outputs": [
    {
     "ename": "NameError",
     "evalue": "name 'np' is not defined",
     "output_type": "error",
     "traceback": [
      "\u001b[1;31m---------------------------------------------------------------------------\u001b[0m",
      "\u001b[1;31mNameError\u001b[0m                                 Traceback (most recent call last)",
      "\u001b[1;32m<ipython-input-1-7a649999a5f0>\u001b[0m in \u001b[0;36m<module>\u001b[1;34m()\u001b[0m\n\u001b[0;32m      1\u001b[0m \u001b[1;33m\u001b[0m\u001b[0m\n\u001b[0;32m      2\u001b[0m \u001b[1;33m\u001b[0m\u001b[0m\n\u001b[1;32m----> 3\u001b[1;33m \u001b[0mtrain\u001b[0m \u001b[1;33m=\u001b[0m \u001b[0mnp\u001b[0m\u001b[1;33m.\u001b[0m\u001b[0mgenfromtxt\u001b[0m\u001b[1;33m(\u001b[0m\u001b[0mtrfname\u001b[0m\u001b[1;33m,\u001b[0m \u001b[0mdelimiter\u001b[0m\u001b[1;33m=\u001b[0m\u001b[0mform\u001b[0m\u001b[1;33m,\u001b[0m \u001b[0mskip_header\u001b[0m\u001b[1;33m=\u001b[0m\u001b[1;36m0\u001b[0m\u001b[1;33m)\u001b[0m\u001b[1;33m\u001b[0m\u001b[0m\n\u001b[0m\u001b[0;32m      4\u001b[0m \u001b[0mtest\u001b[0m \u001b[1;33m=\u001b[0m \u001b[0mnp\u001b[0m\u001b[1;33m.\u001b[0m\u001b[0mgenfromtxt\u001b[0m\u001b[1;33m(\u001b[0m\u001b[0mtstfname\u001b[0m\u001b[1;33m,\u001b[0m \u001b[0mdelimiter\u001b[0m\u001b[1;33m=\u001b[0m\u001b[0mform\u001b[0m\u001b[1;33m,\u001b[0m \u001b[0mskip_header\u001b[0m\u001b[1;33m=\u001b[0m\u001b[1;36m0\u001b[0m\u001b[1;33m)\u001b[0m\u001b[1;33m\u001b[0m\u001b[0m\n\u001b[0;32m      5\u001b[0m \u001b[1;33m\u001b[0m\u001b[0m\n",
      "\u001b[1;31mNameError\u001b[0m: name 'np' is not defined"
     ]
    }
   ],
   "source": [
    "\n",
    "\n",
    "train = np.genfromtxt(trfname, delimiter=form, skip_header=0)\n",
    "test = np.genfromtxt(tstfname, delimiter=form, skip_header=0)\n",
    "\n",
    "#calculate term\n",
    "X = np.delete(train, col, 1) # input variable\n",
    "Y = train[:,col] # target variable\n",
    "\n",
    "n = len(train) # number of obs\n",
    "p = X.shape[1] # number of variables\n",
    "\n",
    "testX = np.delete(test, col, 1) # input variable\n",
    "testY = test[:,col] # target variable\n",
    "\n",
    "g = np.array(list(set(Y))) # unique value of target variable\n",
    "k = len(g) # number of unique values\n",
    "\n",
    "#calculate mean of each variables by y values\n",
    "tmp=[]\n",
    "for i in g:\n",
    "    tmp.append(X[np.where(train[:,col]==i)])\n",
    "xby = np.array(tmp)\n",
    "xbar = np.array(list(map(lambda x : np.mean(x,axis=0),xby)))\n",
    "\n",
    "#prior probability\n",
    "pw=[]\n",
    "for i in range(k):\n",
    "    pw.append(xby[i].shape[0]/n)\n",
    "pw = np.array(pw)\n",
    "\n",
    "#np.cov(xby[0].transpose())\n",
    "S0 = np.array(list(map(lambda x : np.cov(x.transpose()) , xby)))\n",
    "\n",
    "# ready for calculate covariance matrix\n",
    "sigma =np.zeros((p,p))\n",
    "for i in range(k):\n",
    "    sigma = sigma + (X[i].shape[0]-1)*S0[i]\n",
    "Sp=sigma*(1/(n-k))\n",
    "\n",
    "def dk(vec, S = S0):\n",
    "    out=[]\n",
    "    for i in range(k):\n",
    "        out.append(-0.5*(math.log(det(S[i])))-0.5*((vec-xbar[i]).dot(inv(S[i])).dot((vec-xbar[i]).transpose())) +math.log(pw[i]))\n",
    "    return(out)\n",
    "def pred(vec):\n",
    "    out=pd.DataFrame(g).loc[pd.DataFrame([g,vec]).iloc[1]==max(pd.DataFrame([g,vec]).iloc[1])].iloc[0][0]\n",
    "    return(out)\n",
    "\n",
    "tp = np.array(list(map(dk,X)))\n",
    "yhat = np.argmax(tp,axis =1)\n",
    "cont = pd.crosstab(Y,yhat)\n",
    "acc = sum(np.diag(cont))/n\n",
    "\n",
    "#ready for grid search\n",
    "s2=np.diag(Sp).mean()\n",
    "\n",
    "def getacc(Sk ,a,r):\n",
    "    Sar = a*Sk + (1 - a)*(r*Sp + (1 - r)*s2*np.identity(p))\n",
    "    tp2 = np.array(list(map(lambda x : dk(x,Sar),testX)))\n",
    "    yhatg = np.argmax(tp2,axis =1)\n",
    "    contg = pd.crosstab(testY,yhatg)\n",
    "    acc2 = sum(np.diag(contg))/n\n",
    "    return(acc2)\n",
    "\n",
    "df = pd.DataFrame()\n",
    "gridseed=21\n",
    "for i in range(gridseed):\n",
    "    df=df.append(pd.DataFrame(np.zeros(gridseed)).transpose())\n",
    "alpha = gamma = list(map(lambda x : x/(gridseed-1) , list(range(gridseed))))\n",
    "df.columns=alpha\n",
    "df.index=gamma\n",
    "for a ,i in zip(alpha , range(gridseed)):\n",
    "    if i%2 == 0:\n",
    "        print(\"%d percent completed\" %(i*5))\n",
    "    for r, j in zip(gamma, range(gridseed)) :\n",
    "        df.iloc[i,j]= getacc(S0,a,r)\n",
    "#get the optimized value of alpha & gamma (alpha = 0.53, beta = 1)\n",
    "argm=df.stack().index[np.argmax(df.values)]\n",
    "a = 0.95#argm[0]\n",
    "r = argm[1]\n",
    "Snew = a*S0 + (1 - a)*(r*Sp + (1 - r)*s2*np.identity(p))\n",
    "\n",
    "#resub output\n",
    "tp = np.array(list(map(lambda x : dk(x,Snew),X)))\n",
    "yhat = np.argmax(tp,axis =1)\n",
    "cont = pd.crosstab(Y,yhat)\n",
    "acc = sum(np.diag(cont))/n\n",
    "\n",
    "#test output\n",
    "ttp = np.array(list(map(lambda x : dk(x,Snew),testX)))\n",
    "tyhat = np.argmax(ttp,axis =1)\n",
    "tcont = pd.crosstab(testY,tyhat)\n",
    "tacc = sum(np.diag(tcont))/len(test)\n",
    "\n",
    "\n",
    "predy = pd.DataFrame([range(1,(len(train)+1)),Y,yhat]).transpose()\n",
    "predy.columns=['ID','Actual class','Resub pred']\n",
    "\n",
    "tpredy = pd.DataFrame([range(1,(len(test)+1)),testY,tyhat]).transpose()\n",
    "tpredy.columns=['ID','Actual class','Test pred']\n",
    "\n",
    "cont.columns = g\n",
    "cont.index = g\n",
    "cont.columns.name = 'Resub Class'\n",
    "cont.index.name = 'Actual Class'\n",
    "\n",
    "tcont.columns = g\n",
    "tcont.index = g\n",
    "tcont.columns.name = 'Prediction Class'\n",
    "tcont.index.name = 'Actual Class'\n",
    "fname = input('Write your output file name : ')\n",
    "#console output\n",
    "print(predy.to_string(index=False))\n",
    "print(cont)\n",
    "print(\"Overall accuracy = %0.3f\" %(acc))\n",
    "\n",
    "print(tpredy.to_string(index=False))\n",
    "print(tcont)\n",
    "print(\"Overall accuracy = %0.3f\" %(tacc))\n",
    "\n"
   ]
  },
  {
   "cell_type": "code",
   "execution_count": 116,
   "metadata": {},
   "outputs": [
    {
     "data": {
      "text/plain": [
       "(0.65, 1.0)"
      ]
     },
     "execution_count": 116,
     "metadata": {},
     "output_type": "execute_result"
    }
   ],
   "source": [
    "argm"
   ]
  },
  {
   "cell_type": "code",
   "execution_count": 119,
   "metadata": {},
   "outputs": [
    {
     "data": {
      "text/plain": [
       "(4, 18, 18)"
      ]
     },
     "execution_count": 119,
     "metadata": {},
     "output_type": "execute_result"
    }
   ],
   "source": [
    "Snew.shape"
   ]
  },
  {
   "cell_type": "code",
   "execution_count": 120,
   "metadata": {},
   "outputs": [
    {
     "data": {
      "text/plain": [
       "(4, 18, 18)"
      ]
     },
     "execution_count": 120,
     "metadata": {},
     "output_type": "execute_result"
    }
   ],
   "source": [
    "S0.shape"
   ]
  },
  {
   "cell_type": "code",
   "execution_count": 121,
   "metadata": {},
   "outputs": [
    {
     "data": {
      "text/plain": [
       "array([[[ 65.19251548,  44.99693309,  95.91474846, ...,  -8.44590974,\n",
       "          17.55631805,  22.92906838],\n",
       "        [ 44.99693309,  51.92464933,  87.8627615 , ..., -15.9074684 ,\n",
       "           0.86999564,   7.21497403],\n",
       "        [ 95.91474846,  87.8627615 , 212.24357038, ...,   3.74667104,\n",
       "          17.83684506,  31.69259624],\n",
       "        ...,\n",
       "        [ -8.44590974, -15.9074684 ,   3.74667104, ..., 102.04377416,\n",
       "           2.12213835,  12.17378118],\n",
       "        [ 17.55631805,   0.86999564,  17.83684506, ...,   2.12213835,\n",
       "          30.55486922,  29.45360552],\n",
       "        [ 22.92906838,   7.21497403,  31.69259624, ...,  12.17378118,\n",
       "          29.45360552,  32.41383208]],\n",
       "\n",
       "       [[ 79.78742381,  46.9124611 , 115.31105835, ...,  12.07998598,\n",
       "           7.27244354,  25.83358417],\n",
       "        [ 46.9124611 ,  41.63654625,  82.93453488, ...,  -1.22313255,\n",
       "          -1.81125941,  11.14732942],\n",
       "        [115.31105835,  82.93453488, 234.06539764, ...,  38.27263942,\n",
       "           5.83465242,  40.638645  ],\n",
       "        ...,\n",
       "        [ 12.07998598,  -1.22313255,  38.27263942, ...,  96.79014169,\n",
       "           1.94516146,  14.86852472],\n",
       "        [  7.27244354,  -1.81125941,   5.83465242, ...,   1.94516146,\n",
       "          23.45710307,  25.87002527],\n",
       "        [ 25.83358417,  11.14732942,  40.638645  , ...,  14.86852472,\n",
       "          25.87002527,  35.56044229]],\n",
       "\n",
       "       [[ 69.17776993,  23.56654784,  79.13610422, ...,  16.4020502 ,\n",
       "          24.38115914,  14.32432229],\n",
       "        [ 23.56654784,  24.43829771,  44.82471836, ...,   5.77026194,\n",
       "         -11.81676399, -17.46312096],\n",
       "        [ 79.13610422,  44.82471836, 136.88531007, ...,  26.89038754,\n",
       "           7.67015701,  -5.02521656],\n",
       "        ...,\n",
       "        [ 16.4020502 ,   5.77026194,  26.89038754, ...,  46.02757706,\n",
       "           1.01782201,  -0.63454034],\n",
       "        [ 24.38115914, -11.81676399,   7.67015701, ...,   1.01782201,\n",
       "          53.70022233,  55.00975004],\n",
       "        [ 14.32432229, -17.46312096,  -5.02521656, ...,  -0.63454034,\n",
       "          55.00975004,  61.81078841]],\n",
       "\n",
       "       [[ 15.65310517,   4.48654042,  19.78361071, ...,   0.46013726,\n",
       "           7.93537469,   7.44828902],\n",
       "        [  4.48654042,  16.34059666,  30.76415141, ...,  -2.14571452,\n",
       "          -5.51472933,   1.54587988],\n",
       "        [ 19.78361071,  30.76415141, 115.2195252 , ...,   6.92582722,\n",
       "          11.04868486,  32.72325133],\n",
       "        ...,\n",
       "        [  0.46013726,  -2.14571452,   6.92582722, ...,  31.57856126,\n",
       "           0.62925432,   2.67195795],\n",
       "        [  7.93537469,  -5.51472933,  11.04868486, ...,   0.62925432,\n",
       "          45.28755548,  46.18624582],\n",
       "        [  7.44828902,   1.54587988,  32.72325133, ...,   2.67195795,\n",
       "          46.18624582,  56.747858  ]]])"
      ]
     },
     "execution_count": 121,
     "metadata": {},
     "output_type": "execute_result"
    }
   ],
   "source": [
    "Snew"
   ]
  },
  {
   "cell_type": "code",
   "execution_count": 122,
   "metadata": {},
   "outputs": [
    {
     "data": {
      "text/plain": [
       "array([[[ 68.11391941,  47.09908425, 100.27490842, ...,  -8.93589744,\n",
       "          18.35357143,  23.9793956 ],\n",
       "        [ 47.09908425,  54.35952381,  91.94056777, ..., -16.71474359,\n",
       "           0.95631868,   7.58928571],\n",
       "        [100.27490842,  91.94056777, 221.86501832, ...,   3.77564103,\n",
       "          18.68159341,  33.13873626],\n",
       "        ...,\n",
       "        [ -8.93589744, -16.71474359,   3.77564103, ..., 106.80128205,\n",
       "           2.22115385,  12.75      ],\n",
       "        [ 18.35357143,   0.95631868,  18.68159341, ...,   2.22115385,\n",
       "          31.82362637,  30.65659341],\n",
       "        [ 23.9793956 ,   7.58928571,  33.13873626, ...,  12.75      ,\n",
       "          30.65659341,  33.70604396]],\n",
       "\n",
       "       [[ 83.47698082,  49.11542952, 120.69207673, ...,  12.67030859,\n",
       "           7.52844037,  27.03678065],\n",
       "        [ 49.11542952,  43.52994162,  86.7529608 , ...,  -1.25754796,\n",
       "          -1.86605505,  11.72860717],\n",
       "        [120.69207673,  86.7529608 , 244.8353628 , ...,  40.11876564,\n",
       "           6.04770642,  42.55562969],\n",
       "        ...,\n",
       "        [ 12.67030859,  -1.25754796,  40.11876564, ..., 101.27114262,\n",
       "           2.03486239,  15.58657214],\n",
       "        [  7.52844037,  -1.86605505,   6.04770642, ...,   2.03486239,\n",
       "          24.35229358,  26.88440367],\n",
       "        [ 27.03678065,  11.72860717,  42.55562969, ...,  15.58657214,\n",
       "          26.88440367,  37.01826522]],\n",
       "\n",
       "       [[ 72.3089241 ,  24.54078399,  82.61317765, ...,  17.21984987,\n",
       "          25.53761468,  14.92176814],\n",
       "        [ 24.54078399,  25.4265221 ,  46.63736447, ...,   6.10391993,\n",
       "         -12.39816514, -18.38765638],\n",
       "        [ 82.61317765,  46.63736447, 142.54053378, ...,  28.13744787,\n",
       "           7.97981651,  -5.51159299],\n",
       "        ...,\n",
       "        [ 17.21984987,   6.10391993,  28.13744787, ...,  47.83686405,\n",
       "           1.0587156 ,  -0.7324437 ],\n",
       "        [ 25.53761468, -12.39816514,   7.97981651, ...,   1.0587156 ,\n",
       "          56.18715596,  57.55779817],\n",
       "        [ 14.92176814, -18.38765638,  -5.51159299, ...,  -0.7324437 ,\n",
       "          57.55779817,  64.65020851]],\n",
       "\n",
       "       [[ 15.96717172,   4.45656566,  20.13686869, ...,   0.43888889,\n",
       "           8.22626263,   7.68383838],\n",
       "        [  4.45656566,  16.90262626,  31.83676768, ...,  -2.22868687,\n",
       "          -5.76444444,   1.62181818],\n",
       "        [ 20.13686869,  31.83676768, 119.73444444, ...,   7.12212121,\n",
       "          11.53616162,  34.22363636],\n",
       "        ...,\n",
       "        [  0.43888889,  -2.22868687,   7.12212121, ...,  32.62737374,\n",
       "           0.64969697,   2.74808081],\n",
       "        [  8.22626263,  -5.76444444,  11.53616162, ...,   0.64969697,\n",
       "          47.33171717,  48.26989899],\n",
       "        [  7.68383838,   1.62181818,  34.22363636, ...,   2.74808081,\n",
       "          48.26989899,  59.32080808]]])"
      ]
     },
     "execution_count": 122,
     "metadata": {},
     "output_type": "execute_result"
    }
   ],
   "source": [
    "S0"
   ]
  },
  {
   "cell_type": "code",
   "execution_count": 32,
   "metadata": {},
   "outputs": [
    {
     "data": {
      "text/plain": [
       "9.685840695680742"
      ]
     },
     "execution_count": 32,
     "metadata": {},
     "output_type": "execute_result"
    }
   ],
   "source": [
    "Sp[0,0]"
   ]
  },
  {
   "cell_type": "code",
   "execution_count": 10,
   "metadata": {},
   "outputs": [],
   "source": [
    "sigma =np.zeros((p,p))\n",
    "for i in range(k):\n",
    "    sigma = sigma + (xby[i].shape[0]-1)*S0[i]\n",
    "Sp=sigma*(1/(n-k))\n"
   ]
  },
  {
   "cell_type": "code",
   "execution_count": 6,
   "metadata": {},
   "outputs": [],
   "source": [
    "sigma = pd.DataFrame(np.zeros((p,p)))\n",
    "for i in range(k):\n",
    "    sigma = sigma + (X[i].shape[0]-1)*S0[i]\n",
    "Sp=sigma*(1/(n-k))"
   ]
  },
  {
   "cell_type": "code",
   "execution_count": 11,
   "metadata": {},
   "outputs": [
    {
     "data": {
      "text/plain": [
       "array([[ 6.09151099e+01,  3.17530452e+01,  8.21434993e+01,\n",
       "         1.62409663e+02,  1.08031558e+01,  5.67306711e+00,\n",
       "         1.85645377e+02, -4.15811801e+01,  1.45214286e+01,\n",
       "         7.53308562e+01,  1.66589645e+02,  1.00663420e+03,\n",
       "         1.42185624e+02, -8.84507820e+00,  1.01532102e+01,\n",
       "         5.63454617e+00,  1.50293858e+01,  1.85939168e+01],\n",
       "       [ 3.17530452e+01,  3.52565440e+01,  6.47344525e+01,\n",
       "         1.00205499e+02,  6.25725144e+00,  6.97271267e+00,\n",
       "         1.47970511e+02, -3.21361800e+01,  1.16824160e+01,\n",
       "         8.30954372e+01,  1.28564134e+02,  7.86959705e+02,\n",
       "         1.74271128e+02,  4.65145202e+00,  5.97703016e+00,\n",
       "        -3.39838192e+00, -4.81240584e+00,  5.32088719e-01],\n",
       "       [ 8.21434993e+01,  6.47344525e+01,  1.83258063e+02,\n",
       "         2.98138357e+02,  2.47721652e+01,  1.68575826e+01,\n",
       "         3.55879562e+02, -8.21556664e+01,  2.75869257e+01,\n",
       "         1.55658372e+02,  3.23346791e+02,  1.87951087e+03,\n",
       "         3.02615559e+02, -9.76644106e+00,  8.03769308e+00,\n",
       "         2.02795343e+01,  1.09595385e+01,  2.58251035e+01],\n",
       "       [ 1.62409663e+02,  1.00205499e+02,  2.98138357e+02,\n",
       "         8.64490964e+02,  1.54555407e+02,  5.26144521e+01,\n",
       "         5.87312806e+02, -1.47427301e+02,  4.43536410e+01,\n",
       "         2.37480361e+02,  5.80445454e+02,  3.10973251e+03,\n",
       "         4.25409110e+02, -4.56179776e+01,  1.04492104e+01,\n",
       "         2.14790168e+01,  7.98514557e+01,  1.05196354e+02],\n",
       "       [ 1.08031558e+01,  6.25725144e+00,  2.47721652e+01,\n",
       "         1.54555407e+02,  4.87173588e+01,  1.68875824e+01,\n",
       "         3.16079693e+01, -1.16969331e+01,  2.05720394e+00,\n",
       "         1.52061363e+01,  4.78639448e+01,  1.49643676e+02,\n",
       "         1.81443434e+01, -3.60152327e+00, -4.75456705e-01,\n",
       "         8.63010149e-02,  1.38894605e+01,  1.89865077e+01],\n",
       "       [ 5.67306711e+00,  6.97271267e+00,  1.68575826e+01,\n",
       "         5.26144521e+01,  1.68875824e+01,  1.52804176e+01,\n",
       "         2.96456495e+01, -7.40526133e+00,  2.28727180e+00,\n",
       "         1.91031041e+01,  3.87605588e+01,  1.42822529e+02,\n",
       "         3.11661939e+01,  8.12567974e+00,  3.31288419e-01,\n",
       "         2.10692363e+00, -1.55170682e+00,  1.83943178e+00],\n",
       "       [ 1.85645377e+02,  1.47970511e+02,  3.55879562e+02,\n",
       "         5.87312806e+02,  3.16079693e+01,  2.96456495e+01,\n",
       "         8.28515201e+02, -1.80855399e+02,  6.51019206e+01,\n",
       "         3.53518525e+02,  7.40619366e+02,  4.44724902e+03,\n",
       "         7.10644337e+02,  1.29259506e+01,  1.61591492e+01,\n",
       "         3.16965493e+01, -2.89389888e+00,  1.98576099e+01],\n",
       "       [-4.15811801e+01, -3.21361800e+01, -8.21556664e+01,\n",
       "        -1.47427301e+02, -1.16969331e+01, -7.40526133e+00,\n",
       "        -1.80855399e+02,  4.21978819e+01, -1.39624601e+01,\n",
       "        -7.74765971e+01, -1.63625543e+02, -9.55665632e+02,\n",
       "        -1.51060690e+02,  2.35110960e+00, -2.87831066e+00,\n",
       "        -5.13181242e+00, -5.06215134e+00, -1.09826936e+01],\n",
       "       [ 1.45214286e+01,  1.16824160e+01,  2.75869257e+01,\n",
       "         4.43536410e+01,  2.05720394e+00,  2.28727180e+00,\n",
       "         6.51019206e+01, -1.39624601e+01,  5.21631150e+00,\n",
       "         2.79197760e+01,  5.79599593e+01,  3.50885982e+02,\n",
       "         5.63392671e+01,  1.46785884e+00,  1.24249406e+00,\n",
       "         2.71755344e+00, -7.72595860e-01,  9.67519511e-01],\n",
       "       [ 7.53308562e+01,  8.30954372e+01,  1.55658372e+02,\n",
       "         2.37480361e+02,  1.52061363e+01,  1.91031041e+01,\n",
       "         3.53518525e+02, -7.74765971e+01,  2.79197760e+01,\n",
       "         2.05715470e+02,  3.03112630e+02,  1.86262253e+03,\n",
       "         3.99873232e+02,  9.63984699e+00,  1.33404290e+01,\n",
       "        -3.76424242e+00, -1.07092501e+01,  3.92456797e+00],\n",
       "       [ 1.66589645e+02,  1.28564134e+02,  3.23346791e+02,\n",
       "         5.80445454e+02,  4.78639448e+01,  3.87605588e+01,\n",
       "         7.40619366e+02, -1.63625543e+02,  5.79599593e+01,\n",
       "         3.03112630e+02,  7.10688511e+02,  3.98527141e+03,\n",
       "         6.32333005e+02,  2.17426011e+01,  1.04778737e+01,\n",
       "         3.10073994e+01,  9.81336953e-01,  1.65027763e+01],\n",
       "       [ 1.00663420e+03,  7.86959705e+02,  1.87951087e+03,\n",
       "         3.10973251e+03,  1.49643676e+02,  1.42822529e+02,\n",
       "         4.44724902e+03, -9.55665632e+02,  3.50885982e+02,\n",
       "         1.86262253e+03,  3.98527141e+03,  2.40754661e+04,\n",
       "         3.79661403e+03,  7.22048018e+01,  9.08447916e+01,\n",
       "         1.65489706e+02, -1.11012148e+01,  9.56147811e+01],\n",
       "       [ 1.42185624e+02,  1.74271128e+02,  3.02615559e+02,\n",
       "         4.25409110e+02,  1.81443434e+01,  3.11661939e+01,\n",
       "         7.10644337e+02, -1.51060690e+02,  5.63392671e+01,\n",
       "         3.99873232e+02,  6.32333005e+02,  3.79661403e+03,\n",
       "         9.70527096e+02,  4.69972107e+01,  3.32749960e+01,\n",
       "        -2.51139984e+01, -4.73205429e+01, -2.67225721e+01],\n",
       "       [-8.84507820e+00,  4.65145202e+00, -9.76644106e+00,\n",
       "        -4.56179776e+01, -3.60152327e+00,  8.12567974e+00,\n",
       "         1.29259506e+01,  2.35110960e+00,  1.46785884e+00,\n",
       "         9.63984699e+00,  2.17426011e+01,  7.22048018e+01,\n",
       "         4.69972107e+01,  4.01167603e+01, -1.12084647e+00,\n",
       "        -1.47811272e+00, -3.33782694e+01, -3.69477799e+01],\n",
       "       [ 1.01532102e+01,  5.97703016e+00,  8.03769308e+00,\n",
       "         1.04492104e+01, -4.75456705e-01,  3.31288419e-01,\n",
       "         1.61591492e+01, -2.87831066e+00,  1.24249406e+00,\n",
       "         1.33404290e+01,  1.04778737e+01,  9.08447916e+01,\n",
       "         3.32749960e+01, -1.12084647e+00,  2.46801720e+01,\n",
       "        -2.69327503e+00,  3.22403800e+00,  2.27079680e+00],\n",
       "       [ 5.63454617e+00, -3.39838192e+00,  2.02795343e+01,\n",
       "         2.14790168e+01,  8.63010149e-02,  2.10692363e+00,\n",
       "         3.16965493e+01, -5.13181242e+00,  2.71755344e+00,\n",
       "        -3.76424242e+00,  3.10073994e+01,  1.65489706e+02,\n",
       "        -2.51139984e+01, -1.47811272e+00, -2.69327503e+00,\n",
       "         7.26608457e+01,  1.50242280e+00,  7.64171021e+00],\n",
       "       [ 1.50293858e+01, -4.81240584e+00,  1.09595385e+01,\n",
       "         7.98514557e+01,  1.38894605e+01, -1.55170682e+00,\n",
       "        -2.89389888e+00, -5.06215134e+00, -7.72595860e-01,\n",
       "        -1.07092501e+01,  9.81336953e-01, -1.11012148e+01,\n",
       "        -4.73205429e+01, -3.33782694e+01,  3.22403800e+00,\n",
       "         1.50242280e+00,  3.98439362e+01,  4.07867119e+01],\n",
       "       [ 1.85939168e+01,  5.32088719e-01,  2.58251035e+01,\n",
       "         1.05196354e+02,  1.89865077e+01,  1.83943178e+00,\n",
       "         1.98576099e+01, -1.09826936e+01,  9.67519511e-01,\n",
       "         3.92456797e+00,  1.65027763e+01,  9.56147811e+01,\n",
       "        -2.67225721e+01, -3.69477799e+01,  2.27079680e+00,\n",
       "         7.64171021e+00,  4.07867119e+01,  4.85986988e+01]])"
      ]
     },
     "execution_count": 11,
     "metadata": {},
     "output_type": "execute_result"
    }
   ],
   "source": [
    "Sp"
   ]
  },
  {
   "cell_type": "code",
   "execution_count": 9,
   "metadata": {},
   "outputs": [
    {
     "data": {
      "text/plain": [
       "(425, 18)"
      ]
     },
     "execution_count": 9,
     "metadata": {},
     "output_type": "execute_result"
    }
   ],
   "source": [
    "X.shape"
   ]
  },
  {
   "cell_type": "code",
   "execution_count": 15,
   "metadata": {},
   "outputs": [
    {
     "data": {
      "text/html": [
       "<div>\n",
       "<style scoped>\n",
