{
 "cells": [
  {
   "cell_type": "code",
   "execution_count": 1,
   "metadata": {},
   "outputs": [],
   "source": [
    "import numpy as np\n",
    "import pandas as pd\n",
    "import math\n",
    "from numpy.linalg import *\n",
    "import time"
   ]
  },
  {
   "cell_type": "code",
   "execution_count": 5,
   "metadata": {},
   "outputs": [
    {
     "name": "stdout",
     "output_type": "stream",
     "text": [
      "0 percent completed\n",
      "10 percent completed\n",
      "20 percent completed\n",
      "30 percent completed\n",
      "40 percent completed\n",
      "50 percent completed\n",
      "60 percent completed\n",
      "70 percent completed\n",
      "80 percent completed\n",
      "90 percent completed\n",
      "100 percent completed\n",
      "[0 0 0 0 0 0 0 0 0 0 0 0 0 0 0 0 0 0 0 0 0 1 1 1 1 1 1 1 1 1 1 1 1 1 1 1 1\n",
      " 1 1 1 1 1 1 2 2 2 2 2 2 2 2 2 2 2 2 2 2 2 2 2 2 2 2 2 2 3 3 3 3 3 3 3 3 3\n",
      " 3 3 3 3 3 3 3 3 3 3 3 0 0 0 0 0 0 0 0 0 0 0 0 0 0 0 0 0 0 0 0 0 1 1 1 0 1\n",
      " 1 1 1 1 1 1 1 1 1 1 3 1 1 1 1 1 1 2 2 2 3 2 2 2 2 2 2 2 2 2 2 2 2 2 2 2 2\n",
      " 2 2 3 3 3 3 3 3 3 3 3 3 3 3 3 3 3 3 3 3 3 3 0 0 0 0 0 1 1 0 1 0 0 0 0 0 0\n",
      " 1 0 0 0 0 0 1 1 1 0 1 1 1 1 1 1 1 1 1 1 1 1 1 1 1 1 1 1 2 2 2 2 2 2 2 2 2\n",
      " 2 2 2 2 2 2 2 2 2 2 2 2 2 3 3 3 3 3 3 3 3 3 3 3 3 3 3 3 3 3 3 3 3 0 0 0 0\n",
      " 0 0 0 0 0 1 0 1 1 0 0 0 0 0 0 0 0 1 1 1 1 1 1 0 0 0 1 1 1 1 1 1 1 0 1 1 1\n",
      " 1 0 2 2 2 2 2 2 2 2 2 2 2 2 2 2 2 2 2 2 2 2 2 2 3 3 3 3 3 3 3 3 3 3 3 3 3\n",
      " 3 3 3 3 3 3 3 0 3 0 1 0 0 0 0 0 0 0 0 1 0 0 0 0 0 0 1 0 1 1 1 0 0 1 1 1 1\n",
      " 1 1 1 1 1 1 1 1 1 1 1 1 1 2 2 2 2 2 2 2 2 2 2 2 2 2 2 2 2 2 2 2 2 2 2 3 3\n",
      " 3 3 3 3 3 3 3 3 3 3 3 3 3 3 3 3 3 3]\n",
      "col_0   0    1    2    3\n",
      "row_0                   \n",
      "1.0    94   10    0    1\n",
      "2.0     9  100    0    1\n",
      "3.0     0    0  109    1\n",
      "4.0     0    0    0  100\n",
      "0.9482352941176471\n",
      "[0 0 1 3 0 0 1 0 0 0 0 0 1 1 0 0 0 2 0 0 0 1 0 1 0 1 0 1 1 1 0 1 1 1 0 1 0\n",
      " 1 0 0 0 1 0 2 2 2 2 2 2 2 2 2 2 2 2 2 2 2 2 2 2 2 2 2 2 3 3 3 3 3 3 3 3 3\n",
      " 3 3 3 3 3 3 3 3 3 3 3 0 0 0 0 0 1 0 1 0 0 0 0 1 1 0 0 0 0 0 0 3 1 0 3 1 1\n",
      " 1 3 1 1 1 1 2 1 0 1 0 1 0 1 0 1 1 3 2 2 2 2 2 2 2 2 2 2 2 2 2 2 2 2 2 2 2\n",
      " 2 2 3 3 3 3 3 3 3 2 3 3 3 3 3 3 3 3 3 3 3 3 1 1 0 0 3 0 0 0 0 0 0 0 3 0 0\n",
      " 0 1 0 0 0 0 1 1 1 0 1 1 0 0 0 3 1 0 1 0 1 0 1 1 1 1 1 1 2 3 2 2 2 2 2 2 2\n",
      " 2 2 2 2 2 2 2 2 2 2 2 2 2 3 3 3 3 3 3 3 3 3 3 3 3 3 3 3 3 3 3 3 3 1 0 0 0\n",
      " 0 0 0 1 0 0 3 1 0 0 0 1 0 0 0 0 1 3 0 0 0 3 1 3 1 1 0 3 0 0 1 1 1 1 0 1 1\n",
      " 1 2 2 2 2 2 2 2 2 2 2 2 2 2 2 2 2 2 2 2 2 3 3 3 2 3 3 3 3 3 3 3 3 3 3 3 3\n",
      " 3 3 3]\n",
      "col_0   0   1   2   3\n",
      "row_0                \n",
      "1.0    63  16   1   6\n",
      "2.0    28  50   1   6\n",
      "3.0     0   0  84   2\n",
      "4.0     0   0   2  77\n",
      "0.8154761904761905\n"
     ]
    }
   ],
   "source": [
    "\n",
    "#input term\n",
    "trfname='veh.dat'\n",
    "tstfname='vehtest.dat'\n",
    "form=','\n",
    "header=None\n",
    "\n",
    "\n",
    "cl=19\n",
    "col = int(cl)-1\n",
    "\n",
    "train = np.genfromtxt(trfname, delimiter=',')\n",
    "test = np.genfromtxt(tstfname, delimiter=',')\n",
    "\n",
    "#calculate term\n",
    "X = np.delete(train, col, 1) # input variable\n",
    "Y = train[:,col] # target variable\n",
    "\n",
    "n = len(train) # number of obs\n",
    "p = X.shape[1] # number of variables\n",
    "\n",
    "testX = np.delete(test, col, 1) # input variable\n",
    "testY = test[:,col] # target variable\n",
    "\n",
    "g = np.array(list(set(Y))) # unique value of target variable\n",
    "k = len(g) # number of unique values\n",
    "\n",
    "#calculate mean of each variables by y values\n",
    "tmp=[]\n",
    "for i in g:\n",
    "    tmp.append(X[np.where(train[:,col]==i)])\n",
    "xby = np.array(tmp)\n",
    "xbar = np.array(list(map(lambda x : np.mean(x,axis=0),xby)))\n",
    "\n",
    "#prior probability\n",
    "pw=[]\n",
    "for i in range(k):\n",
    "    pw.append(xby[i].shape[0]/n)\n",
    "pw = np.array(pw)\n",
    "\n",
    "#np.cov(xby[0].transpose())\n",
    "S0 = np.array(list(map(lambda x : np.cov(x.transpose()) , xby)))\n",
    "\n",
    "\n",
    "sigma =np.zeros((p,p))\n",
    "for i in range(k):\n",
    "    sigma = sigma + (X[i].shape[0]-1)*S0[i]\n",
    "Sp=sigma*(1/(n-k))\n",
    "\n",
    "def dk(vec, S = S0):\n",
    "    out=[]\n",
    "    for i in range(k):\n",
    "        out.append(-0.5*(math.log(det(S[i])))-0.5*((vec-xbar[i]).dot(inv(S[i])).dot((vec-xbar[i]).transpose())) +math.log(pw[i]))\n",
    "    return(out)\n",
    "def pred(vec):\n",
    "    out=pd.DataFrame(g).loc[pd.DataFrame([g,vec]).iloc[1]==max(pd.DataFrame([g,vec]).iloc[1])].iloc[0][0]\n",
    "    return(out)\n",
    "\n",
    "tp = np.array(list(map(dk,X)))\n",
    "yhat = np.argmax(tp,axis =1)\n",
    "cont = pd.crosstab(Y,yhat)\n",
    "acc = sum(np.diag(cont))/n\n",
    "s2=np.diag(Sp).mean()\n",
    "def getacc(Sk ,a,r):\n",
    "    Sar = a*Sk + (1 - a)*(r*Sp + (1 - r)*s2*np.identity(p))\n",
    "    tp2 = np.array(list(map(lambda x : dk(x,Sar),X)))\n",
    "    yhatg = np.argmax(tp2,axis =1)\n",
    "    contg = pd.crosstab(Y,yhatg)\n",
    "    acc2 = sum(np.diag(contg))/n\n",
    "    return(acc2)\n",
    "#ready for grid search\n",
    "df = pd.DataFrame()\n",
    "for i in range(21):\n",
    "    df=df.append(pd.DataFrame(np.zeros(21)).transpose())\n",
    "alpha = gamma = list(map(lambda x : x/20 , list(range(21))))\n",
    "df.columns=alpha\n",
    "df.index=gamma\n",
    "for a ,i in zip(alpha , range(21)):\n",
    "    if i%2 == 0:\n",
    "        print(\"%d percent completed\" %(i*5))\n",
    "    for r, j in zip(gamma, range(21)) :\n",
    "        df.iloc[i,j]= getacc(S0,a,r)\n",
    "#get the optimized value of alpha & gamma (alpha = 0.53, beta = 1)\n",
    "argm=df.stack().index[np.argmax(df.values)]\n",
    "a = argm[0]\n",
    "r = argm[1]\n",
    "Snew = a*S0 + (1 - a)*(r*Sp + (1 - r)*s2*np.identity(p))\n",
    "\n",
    "#resub output\n",
    "tp = np.array(list(map(lambda x : dk(x,Snew),X)))\n",
    "yhat = np.argmax(tp,axis =1)\n",
    "cont = pd.crosstab(Y,yhat)\n",
    "acc = sum(np.diag(cont))/n\n",
    "\n",
    "#test output\n",
    "ttp = np.array(list(map(lambda x : dk(x,Snew),testX)))\n",
    "tyhat = np.argmax(ttp,axis =1)\n",
    "tcont = pd.crosstab(testY,tyhat)\n",
    "tacc = sum(np.diag(tcont))/len(test)\n",
    "#print(tp)\n",
    "print(yhat)\n",
    "print(cont)\n",
    "print(acc)\n",
    "\n",
    "#print(ttp)\n",
    "print(tyhat)\n",
    "print(tcont)\n",
    "print(tacc)"
   ]
  },
  {
   "cell_type": "code",
   "execution_count": 9,
   "metadata": {},
   "outputs": [],
   "source": [
    "def getacc(Sk ,a,r):\n",
    "    Sar = a*Sk + (1 - a)*(r*Sp + (1 - r)*s2*np.identity(p))\n",
    "    tp2 = np.array(list(map(lambda x : dk(x,Sar),testX)))\n",
    "    yhatg = np.argmax(tp2,axis =1)\n",
    "    contg = pd.crosstab(testY,yhatg)\n",
    "    acc2 = sum(np.diag(contg))/len(test)\n",
    "    return(acc2)"
   ]
  },
  {
   "cell_type": "code",
   "execution_count": 34,
   "metadata": {},
   "outputs": [
    {
     "data": {
      "text/plain": [
       "0.7559523809523809"
      ]
     },
     "execution_count": 34,
     "metadata": {},
     "output_type": "execute_result"
    }
   ],
   "source": [
    "getacc(S0,0,1)"
   ]
  },
  {
   "cell_type": "code",
   "execution_count": 35,
   "metadata": {},
   "outputs": [
    {
     "data": {
      "text/plain": [
       "array([[ 9.68584070e+00,  5.05606099e+00,  1.30717091e+01,\n",
       "         2.58041945e+01,  1.72521164e+00,  9.16322689e-01,\n",
       "         2.94440731e+01, -6.60903354e+00,  2.30231394e+00,\n",
       "         1.20322957e+01,  2.64033869e+01,  1.59488090e+02,\n",
       "         2.25723134e+01, -1.43808709e+00,  1.61541201e+00,\n",
       "         8.63856410e-01,  2.40850384e+00,  2.97285109e+00],\n",
       "       [ 5.05606099e+00,  5.66203429e+00,  1.03844424e+01,\n",
       "         1.60634061e+01,  1.03238544e+00,  1.13753566e+00,\n",
       "         2.36535903e+01, -5.15814326e+00,  1.86592072e+00,\n",
       "         1.33686680e+01,  2.05358107e+01,  1.25570231e+02,\n",
       "         2.79617210e+01,  7.33488462e-01,  9.46120864e-01,\n",
       "        -5.69239891e-01, -7.70142235e-01,  1.03052090e-01],\n",
       "       [ 1.30717091e+01,  1.03844424e+01,  2.94360596e+01,\n",
       "         4.78013470e+01,  4.05516835e+00,  2.76652571e+00,\n",
       "         5.68198494e+01, -1.31792223e+01,  4.39942940e+00,\n",
       "         2.50560075e+01,  5.16105315e+01,  2.99467280e+02,\n",
       "         4.84208594e+01, -1.64289514e+00,  1.26749438e+00,\n",
       "         3.19624130e+00,  1.78662643e+00,  4.21593577e+00],\n",
       "       [ 2.58041945e+01,  1.60634061e+01,  4.78013470e+01,\n",
       "         1.38981924e+02,  2.51523105e+01,  8.73214559e+00,\n",
       "         9.37073556e+01, -2.36001340e+01,  7.06948444e+00,\n",
       "         3.82112436e+01,  9.29019211e+01,  4.95342367e+02,\n",
       "         6.80912263e+01, -7.26931014e+00,  1.61790903e+00,\n",
       "         3.36806511e+00,  1.27820918e+01,  1.69118269e+01],\n",
       "       [ 1.72521164e+00,  1.03238544e+00,  4.05516835e+00,\n",
       "         2.51523105e+01,  7.95969287e+00,  2.80973370e+00,\n",
       "         5.18359132e+00, -1.90804193e+00,  3.38404879e-01,\n",
       "         2.52665517e+00,  7.88828873e+00,  2.45153110e+01,\n",
       "         3.05702582e+00, -5.39087226e-01, -8.84346313e-02,\n",
       "         2.60672905e-02,  2.21346098e+00,  3.05002898e+00],\n",
       "       [ 9.16322689e-01,  1.13753566e+00,  2.76652571e+00,\n",
       "         8.73214559e+00,  2.80973370e+00,  2.51349197e+00,\n",
       "         4.84540351e+00, -1.21800191e+00,  3.73400682e-01,\n",
       "         3.12879981e+00,  6.35060112e+00,  2.32884349e+01,\n",
       "         5.07658939e+00,  1.31490032e+00,  3.80705887e-02,\n",
       "         3.43473817e-01, -2.50592551e-01,  3.05966585e-01],\n",
       "       [ 2.94440731e+01,  2.36535903e+01,  5.68198494e+01,\n",
       "         9.37073556e+01,  5.18359132e+00,  4.84540351e+00,\n",
       "         1.31881741e+02, -2.88871860e+01,  1.03543099e+01,\n",
       "         5.66700731e+01,  1.17766180e+02,  7.06759363e+02,\n",
       "         1.13397844e+02,  2.00079301e+00,  2.52374363e+00,\n",
       "         4.92753146e+00, -4.76455144e-01,  3.25157837e+00],\n",
       "       [-6.60903354e+00, -5.15814326e+00, -1.31792223e+01,\n",
       "        -2.36001340e+01, -1.90804193e+00, -1.21800191e+00,\n",
       "        -2.88871860e+01,  6.76726272e+00, -2.22771008e+00,\n",
       "        -1.24743166e+01, -2.61179642e+01, -1.52338304e+02,\n",
       "        -2.42130009e+01,  3.95181542e-01, -4.47745870e-01,\n",
       "        -7.92782830e-01, -8.05490161e-01, -1.78185614e+00],\n",
       "       [ 2.30231394e+00,  1.86592072e+00,  4.39942940e+00,\n",
       "         7.06948444e+00,  3.38404879e-01,  3.73400682e-01,\n",
       "         1.03543099e+01, -2.22771008e+00,  8.29241219e-01,\n",
       "         4.47221645e+00,  9.20771373e+00,  5.57222794e+01,\n",
       "         8.98113489e+00,  2.30118249e-01,  1.93500258e-01,\n",
       "         4.23422405e-01, -1.24985056e-01,  1.59464263e-01],\n",
       "       [ 1.20322957e+01,  1.33686680e+01,  2.50560075e+01,\n",
       "         3.82112436e+01,  2.52665517e+00,  3.12879981e+00,\n",
       "         5.66700731e+01, -1.24743166e+01,  4.47221645e+00,\n",
       "         3.31846543e+01,  4.85636205e+01,  2.97985377e+02,\n",
       "         6.42449607e+01,  1.50625223e+00,  2.10318401e+00,\n",
       "        -6.39857077e-01, -1.70769135e+00,  6.84477026e-01],\n",
       "       [ 2.64033869e+01,  2.05358107e+01,  5.16105315e+01,\n",
       "         9.29019211e+01,  7.88828873e+00,  6.35060112e+00,\n",
       "         1.17766180e+02, -2.61179642e+01,  9.20771373e+00,\n",
       "         4.85636205e+01,  1.13048208e+02,  6.32667120e+02,\n",
       "         1.00802520e+02,  3.41254163e+00,  1.60539114e+00,\n",
       "         4.82454651e+00,  1.60520482e-01,  2.72458040e+00],\n",
       "       [ 1.59488090e+02,  1.25570231e+02,  2.99467280e+02,\n",
       "         4.95342367e+02,  2.45153110e+01,  2.32884349e+01,\n",
       "         7.06759363e+02, -1.52338304e+02,  5.57222794e+01,\n",
       "         2.97985377e+02,  6.32667120e+02,  3.82083191e+03,\n",
       "         6.04665622e+02,  1.11690288e+01,  1.42118567e+01,\n",
       "         2.56647223e+01, -1.77941993e+00,  1.56874230e+01],\n",
       "       [ 2.25723134e+01,  2.79617210e+01,  4.84208594e+01,\n",
       "         6.80912263e+01,  3.05702582e+00,  5.07658939e+00,\n",
       "         1.13397844e+02, -2.42130009e+01,  8.98113489e+00,\n",
       "         6.42449607e+01,  1.00802520e+02,  6.04665622e+02,\n",
       "         1.55649810e+02,  7.49451470e+00,  5.28012377e+00,\n",
       "        -4.16036949e+00, -7.59733707e+00, -4.20150492e+00],\n",
       "       [-1.43808709e+00,  7.33488462e-01, -1.64289514e+00,\n",
       "        -7.26931014e+00, -5.39087226e-01,  1.31490032e+00,\n",
       "         2.00079301e+00,  3.95181542e-01,  2.30118249e-01,\n",
       "         1.50625223e+00,  3.41254163e+00,  1.11690288e+01,\n",
       "         7.49451470e+00,  6.49643055e+00, -1.95305937e-01,\n",
       "        -2.47692552e-01, -5.41242636e+00, -5.98557114e+00],\n",
       "       [ 1.61541201e+00,  9.46120864e-01,  1.26749438e+00,\n",
       "         1.61790903e+00, -8.84346313e-02,  3.80705887e-02,\n",
       "         2.52374363e+00, -4.47745870e-01,  1.93500258e-01,\n",
       "         2.10318401e+00,  1.60539114e+00,  1.42118567e+01,\n",
       "         5.28012377e+00, -1.95305937e-01,  3.99453319e+00,\n",
       "        -4.42973963e-01,  5.31417519e-01,  3.69123453e-01],\n",
       "       [ 8.63856410e-01, -5.69239891e-01,  3.19624130e+00,\n",
       "         3.36806511e+00,  2.60672905e-02,  3.43473817e-01,\n",
       "         4.92753146e+00, -7.92782830e-01,  4.23422405e-01,\n",
       "        -6.39857077e-01,  4.82454651e+00,  2.56647223e+01,\n",
       "        -4.16036949e+00, -2.47692552e-01, -4.42973963e-01,\n",
       "         1.16511241e+01,  2.40843918e-01,  1.22562365e+00],\n",
       "       [ 2.40850384e+00, -7.70142235e-01,  1.78662643e+00,\n",
       "         1.27820918e+01,  2.21346098e+00, -2.50592551e-01,\n",
       "        -4.76455144e-01, -8.05490161e-01, -1.24985056e-01,\n",
       "        -1.70769135e+00,  1.60520482e-01, -1.77941993e+00,\n",
       "        -7.59733707e+00, -5.41242636e+00,  5.31417519e-01,\n",
       "         2.40843918e-01,  6.44848333e+00,  6.59683563e+00],\n",
       "       [ 2.97285109e+00,  1.03052090e-01,  4.21593577e+00,\n",
       "         1.69118269e+01,  3.05002898e+00,  3.05966585e-01,\n",
       "         3.25157837e+00, -1.78185614e+00,  1.59464263e-01,\n",
       "         6.84477026e-01,  2.72458040e+00,  1.56874230e+01,\n",
       "        -4.20150492e+00, -5.98557114e+00,  3.69123453e-01,\n",
       "         1.22562365e+00,  6.59683563e+00,  7.86180650e+00]])"
      ]
     },
     "execution_count": 35,
     "metadata": {},
     "output_type": "execute_result"
    }
   ],
   "source": [
    "Sp"
   ]
  },
  {
   "cell_type": "code",
   "execution_count": 31,
   "metadata": {},
   "outputs": [
    {
     "data": {
      "text/plain": [
       "array([77.79976011, 93.16282151, 81.9947648 , 25.65301241])"
      ]
     },
     "execution_count": 31,
     "metadata": {},
     "output_type": "execute_result"
    }
   ],
   "source": [
    "(S0+Sp)[:,0,0]"
   ]
  },
  {
   "cell_type": "code",
   "execution_count": 113,
   "metadata": {},
   "outputs": [
    {
     "data": {
      "text/plain": [
       "array([0.  , 0.05, 0.1 , 0.15, 0.2 , 0.25, 0.3 , 0.35, 0.4 , 0.45, 0.5 ,\n",
       "       0.55, 0.6 , 0.65, 0.7 , 0.75, 0.8 , 0.85, 0.9 , 0.95, 1.  ])"
      ]
     },
     "execution_count": 113,
     "metadata": {},
     "output_type": "execute_result"
    }
   ],
   "source": [
    "np.arange(0., 1.001, 0.05)"
   ]
  },
  {
   "cell_type": "code",
   "execution_count": 117,
   "metadata": {},
   "outputs": [
    {
     "name": "stdout",
     "output_type": "stream",
     "text": [
      "0 percent completed\n",
      "10 percent completed\n",
      "20 percent completed\n",
      "30 percent completed\n",
      "40 percent completed\n",
      "50 percent completed\n",
      "60 percent completed\n",
      "70 percent completed\n",
      "80 percent completed\n",
      "90 percent completed\n",
      "100 percent completed\n",
      "Write your output file name : afsd\n",
      "ID  Actual class  Resub pred\n",
      "  1.0           1.0         0.0\n",
      "  2.0           1.0         0.0\n",
      "  3.0           1.0         0.0\n",
      "  4.0           1.0         0.0\n",
      "  5.0           1.0         0.0\n",
      "  6.0           1.0         0.0\n",
      "  7.0           1.0         0.0\n",
      "  8.0           1.0         0.0\n",
      "  9.0           1.0         0.0\n",
      " 10.0           1.0         0.0\n",
      " 11.0           1.0         1.0\n",
      " 12.0           1.0         0.0\n",
      " 13.0           1.0         0.0\n",
      " 14.0           1.0         0.0\n",
      " 15.0           1.0         0.0\n",
      " 16.0           1.0         0.0\n",
      " 17.0           1.0         0.0\n",
      " 18.0           1.0         0.0\n",
      " 19.0           1.0         0.0\n",
      " 20.0           1.0         0.0\n",
      " 21.0           1.0         0.0\n",
      " 22.0           2.0         1.0\n",
      " 23.0           2.0         1.0\n",
      " 24.0           2.0         1.0\n",
      " 25.0           2.0         1.0\n",
      " 26.0           2.0         1.0\n",
      " 27.0           2.0         1.0\n",
      " 28.0           2.0         1.0\n",
      " 29.0           2.0         1.0\n",
      " 30.0           2.0         1.0\n",
      " 31.0           2.0         1.0\n",
      " 32.0           2.0         1.0\n",
      " 33.0           2.0         1.0\n",
      " 34.0           2.0         1.0\n",
      " 35.0           2.0         1.0\n",
      " 36.0           2.0         1.0\n",
      " 37.0           2.0         1.0\n",
      " 38.0           2.0         1.0\n",
      " 39.0           2.0         1.0\n",
      " 40.0           2.0         1.0\n",
      " 41.0           2.0         1.0\n",
      " 42.0           2.0         1.0\n",
      " 43.0           2.0         1.0\n",
      " 44.0           3.0         2.0\n",
      " 45.0           3.0         2.0\n",
      " 46.0           3.0         2.0\n",
      " 47.0           3.0         2.0\n",
      " 48.0           3.0         2.0\n",
      " 49.0           3.0         2.0\n",
      " 50.0           3.0         2.0\n",
      " 51.0           3.0         2.0\n",
      " 52.0           3.0         2.0\n",
      " 53.0           3.0         2.0\n",
      " 54.0           3.0         2.0\n",
      " 55.0           3.0         2.0\n",
      " 56.0           3.0         2.0\n",
      " 57.0           3.0         2.0\n",
      " 58.0           3.0         2.0\n",
      " 59.0           3.0         2.0\n",
      " 60.0           3.0         2.0\n",
      " 61.0           3.0         2.0\n",
      " 62.0           3.0         2.0\n",
      " 63.0           3.0         2.0\n",
      " 64.0           3.0         2.0\n",
      " 65.0           3.0         2.0\n",
      " 66.0           4.0         3.0\n",
      " 67.0           4.0         3.0\n",
      " 68.0           4.0         3.0\n",
      " 69.0           4.0         3.0\n",
      " 70.0           4.0         3.0\n",
      " 71.0           4.0         3.0\n",
      " 72.0           4.0         3.0\n",
      " 73.0           4.0         3.0\n",
      " 74.0           4.0         3.0\n",
      " 75.0           4.0         3.0\n",
      " 76.0           4.0         3.0\n",
      " 77.0           4.0         3.0\n",
      " 78.0           4.0         3.0\n",
      " 79.0           4.0         3.0\n",
      " 80.0           4.0         3.0\n",
      " 81.0           4.0         3.0\n",
      " 82.0           4.0         3.0\n",
      " 83.0           4.0         3.0\n",
      " 84.0           4.0         3.0\n",
      " 85.0           4.0         3.0\n",
      " 86.0           1.0         0.0\n",
      " 87.0           1.0         0.0\n",
      " 88.0           1.0         0.0\n",
      " 89.0           1.0         0.0\n",
      " 90.0           1.0         0.0\n",
      " 91.0           1.0         0.0\n",
      " 92.0           1.0         0.0\n",
      " 93.0           1.0         0.0\n",
      " 94.0           1.0         0.0\n",
      " 95.0           1.0         0.0\n",
      " 96.0           1.0         0.0\n",
      " 97.0           1.0         0.0\n",
      " 98.0           1.0         0.0\n",
      " 99.0           1.0         0.0\n",
      "100.0           1.0         0.0\n",
      "101.0           1.0         0.0\n",
      "102.0           1.0         0.0\n",
      "103.0           1.0         0.0\n",
      "104.0           1.0         0.0\n",
      "105.0           1.0         0.0\n",
      "106.0           1.0         0.0\n",
      "107.0           2.0         1.0\n",
      "108.0           2.0         1.0\n",
      "109.0           2.0         1.0\n",
      "110.0           2.0         0.0\n",
      "111.0           2.0         1.0\n",
      "112.0           2.0         1.0\n",
      "113.0           2.0         1.0\n",
      "114.0           2.0         1.0\n",
      "115.0           2.0         1.0\n",
      "116.0           2.0         1.0\n",
      "117.0           2.0         1.0\n",
      "118.0           2.0         1.0\n",
      "119.0           2.0         1.0\n",
      "120.0           2.0         1.0\n",
      "121.0           2.0         1.0\n",
      "122.0           2.0         3.0\n",
      "123.0           2.0         1.0\n",
      "124.0           2.0         1.0\n",
      "125.0           2.0         1.0\n",
      "126.0           2.0         1.0\n",
      "127.0           2.0         1.0\n",
      "128.0           2.0         1.0\n",
      "129.0           3.0         2.0\n",
      "130.0           3.0         2.0\n",
      "131.0           3.0         2.0\n",
      "132.0           3.0         3.0\n",
      "133.0           3.0         2.0\n",
      "134.0           3.0         2.0\n",
      "135.0           3.0         2.0\n",
      "136.0           3.0         2.0\n",
      "137.0           3.0         2.0\n",
      "138.0           3.0         2.0\n",
      "139.0           3.0         2.0\n",
      "140.0           3.0         2.0\n",
      "141.0           3.0         2.0\n",
      "142.0           3.0         2.0\n",
      "143.0           3.0         2.0\n",
      "144.0           3.0         2.0\n",
      "145.0           3.0         2.0\n",
      "146.0           3.0         2.0\n",
      "147.0           3.0         2.0\n",
      "148.0           3.0         2.0\n",
      "149.0           3.0         2.0\n",
      "150.0           3.0         2.0\n",
      "151.0           4.0         3.0\n",
      "152.0           4.0         3.0\n",
      "153.0           4.0         3.0\n",
      "154.0           4.0         3.0\n",
      "155.0           4.0         3.0\n",
      "156.0           4.0         3.0\n",
      "157.0           4.0         3.0\n",
      "158.0           4.0         3.0\n",
      "159.0           4.0         3.0\n",
      "160.0           4.0         3.0\n",
      "161.0           4.0         3.0\n",
      "162.0           4.0         3.0\n",
      "163.0           4.0         3.0\n",
      "164.0           4.0         3.0\n",
      "165.0           4.0         3.0\n",
      "166.0           4.0         3.0\n",
      "167.0           4.0         3.0\n",
      "168.0           4.0         3.0\n",
      "169.0           4.0         3.0\n",
      "170.0           4.0         3.0\n",
      "171.0           1.0         0.0\n",
      "172.0           1.0         0.0\n",
      "173.0           1.0         0.0\n",
      "174.0           1.0         0.0\n",
      "175.0           1.0         0.0\n",
      "176.0           1.0         1.0\n",
      "177.0           1.0         1.0\n",
      "178.0           1.0         0.0\n",
      "179.0           1.0         1.0\n",
      "180.0           1.0         0.0\n",
      "181.0           1.0         0.0\n",
      "182.0           1.0         0.0\n",
      "183.0           1.0         0.0\n",
      "184.0           1.0         0.0\n",
      "185.0           1.0         0.0\n",
      "186.0           1.0         1.0\n",
      "187.0           1.0         0.0\n",
      "188.0           1.0         0.0\n",
      "189.0           1.0         0.0\n",
      "190.0           1.0         0.0\n",
      "191.0           1.0         0.0\n",
      "192.0           2.0         1.0\n",
      "193.0           2.0         1.0\n",
      "194.0           2.0         1.0\n",
      "195.0           2.0         3.0\n",
      "196.0           2.0         1.0\n",
      "197.0           2.0         1.0\n",
      "198.0           2.0         1.0\n",
      "199.0           2.0         1.0\n",
      "200.0           2.0         1.0\n",
      "201.0           2.0         1.0\n",
      "202.0           2.0         1.0\n",
      "203.0           2.0         1.0\n",
      "204.0           2.0         1.0\n",
      "205.0           2.0         1.0\n",
      "206.0           2.0         1.0\n",
      "207.0           2.0         1.0\n",
      "208.0           2.0         1.0\n",
      "209.0           2.0         1.0\n",
      "210.0           2.0         1.0\n",
      "211.0           2.0         1.0\n",
      "212.0           2.0         1.0\n",
      "213.0           2.0         1.0\n",
      "214.0           3.0         2.0\n",
      "215.0           3.0         2.0\n",
      "216.0           3.0         2.0\n",
      "217.0           3.0         2.0\n",
      "218.0           3.0         2.0\n",
      "219.0           3.0         2.0\n",
      "220.0           3.0         2.0\n",
      "221.0           3.0         2.0\n",
      "222.0           3.0         2.0\n",
      "223.0           3.0         2.0\n",
      "224.0           3.0         2.0\n",
      "225.0           3.0         2.0\n",
      "226.0           3.0         2.0\n",
      "227.0           3.0         2.0\n",
      "228.0           3.0         2.0\n",
      "229.0           3.0         3.0\n",
      "230.0           3.0         2.0\n",
      "231.0           3.0         2.0\n",
      "232.0           3.0         2.0\n",
      "233.0           3.0         2.0\n",
      "234.0           3.0         2.0\n",
      "235.0           3.0         2.0\n",
      "236.0           4.0         3.0\n",
      "237.0           4.0         3.0\n",
      "238.0           4.0         3.0\n",
      "239.0           4.0         3.0\n",
      "240.0           4.0         3.0\n",
      "241.0           4.0         3.0\n",
      "242.0           4.0         3.0\n",
      "243.0           4.0         3.0\n",
      "244.0           4.0         3.0\n",
      "245.0           4.0         3.0\n",
      "246.0           4.0         3.0\n",
      "247.0           4.0         3.0\n",
      "248.0           4.0         3.0\n",
      "249.0           4.0         3.0\n",
      "250.0           4.0         3.0\n",
      "251.0           4.0         3.0\n",
      "252.0           4.0         3.0\n",
      "253.0           4.0         3.0\n",
      "254.0           4.0         3.0\n",
      "255.0           4.0         3.0\n",
      "256.0           1.0         0.0\n",
      "257.0           1.0         0.0\n",
      "258.0           1.0         0.0\n",
      "259.0           1.0         0.0\n",
      "260.0           1.0         0.0\n",
      "261.0           1.0         0.0\n",
      "262.0           1.0         1.0\n",
      "263.0           1.0         0.0\n",
      "264.0           1.0         0.0\n",
      "265.0           1.0         1.0\n",
      "266.0           1.0         0.0\n",
      "267.0           1.0         1.0\n",
      "268.0           1.0         1.0\n",
      "269.0           1.0         0.0\n",
      "270.0           1.0         0.0\n",
      "271.0           1.0         0.0\n",
      "272.0           1.0         0.0\n",
      "273.0           1.0         0.0\n",
      "274.0           1.0         1.0\n",
      "275.0           1.0         0.0\n",
      "276.0           1.0         0.0\n",
      "277.0           2.0         1.0\n",
      "278.0           2.0         1.0\n",
      "279.0           2.0         1.0\n",
      "280.0           2.0         1.0\n",
      "281.0           2.0         1.0\n",
      "282.0           2.0         1.0\n",
      "283.0           2.0         0.0\n",
      "284.0           2.0         0.0\n",
      "285.0           2.0         1.0\n",
      "286.0           2.0         1.0\n",
      "287.0           2.0         1.0\n",
      "288.0           2.0         1.0\n",
      "289.0           2.0         1.0\n",
      "290.0           2.0         1.0\n",
      "291.0           2.0         1.0\n",
      "292.0           2.0         1.0\n",
      "293.0           2.0         0.0\n",
      "294.0           2.0         1.0\n",
      "295.0           2.0         1.0\n",
      "296.0           2.0         1.0\n",
      "297.0           2.0         1.0\n",
      "298.0           2.0         0.0\n",
      "299.0           3.0         2.0\n",
      "300.0           3.0         2.0\n",
      "301.0           3.0         2.0\n",
      "302.0           3.0         2.0\n",
      "303.0           3.0         2.0\n",
      "304.0           3.0         2.0\n",
      "305.0           3.0         2.0\n",
      "306.0           3.0         2.0\n",
      "307.0           3.0         2.0\n",
      "308.0           3.0         2.0\n",
      "309.0           3.0         2.0\n",
      "310.0           3.0         2.0\n",
      "311.0           3.0         2.0\n",
      "312.0           3.0         2.0\n",
      "313.0           3.0         2.0\n",
      "314.0           3.0         2.0\n",
      "315.0           3.0         2.0\n",
      "316.0           3.0         2.0\n",
      "317.0           3.0         2.0\n",
      "318.0           3.0         2.0\n",
      "319.0           3.0         2.0\n",
      "320.0           3.0         2.0\n",
      "321.0           4.0         3.0\n",
      "322.0           4.0         3.0\n",
      "323.0           4.0         3.0\n",
      "324.0           4.0         3.0\n",
      "325.0           4.0         3.0\n",
      "326.0           4.0         3.0\n",
      "327.0           4.0         3.0\n",
      "328.0           4.0         3.0\n",
      "329.0           4.0         3.0\n",
      "330.0           4.0         3.0\n",
      "331.0           4.0         3.0\n",
      "332.0           4.0         3.0\n",
      "333.0           4.0         3.0\n",
      "334.0           4.0         3.0\n",
      "335.0           4.0         3.0\n",
      "336.0           4.0         3.0\n",
      "337.0           4.0         3.0\n",
      "338.0           4.0         3.0\n",
      "339.0           4.0         3.0\n",
      "340.0           4.0         3.0\n",
      "341.0           1.0         0.0\n",
      "342.0           1.0         3.0\n",
      "343.0           1.0         0.0\n",
      "344.0           1.0         0.0\n",
      "345.0           1.0         0.0\n",
      "346.0           1.0         0.0\n",
      "347.0           1.0         0.0\n",
      "348.0           1.0         0.0\n",
      "349.0           1.0         0.0\n",
      "350.0           1.0         0.0\n",
      "351.0           1.0         0.0\n",
      "352.0           1.0         0.0\n",
      "353.0           1.0         1.0\n",
      "354.0           1.0         0.0\n",
      "355.0           1.0         0.0\n",
      "356.0           1.0         0.0\n",
      "357.0           1.0         0.0\n",
      "358.0           1.0         1.0\n",
      "359.0           1.0         0.0\n",
      "360.0           1.0         1.0\n",
      "361.0           1.0         0.0\n",
      "362.0           2.0         1.0\n",
      "363.0           2.0         1.0\n",
      "364.0           2.0         1.0\n",
      "365.0           2.0         0.0\n",
      "366.0           2.0         0.0\n",
      "367.0           2.0         1.0\n",
      "368.0           2.0         1.0\n",
      "369.0           2.0         1.0\n",
      "370.0           2.0         1.0\n",
      "371.0           2.0         1.0\n",
      "372.0           2.0         1.0\n",
      "373.0           2.0         1.0\n",
      "374.0           2.0         1.0\n",
      "375.0           2.0         1.0\n",
      "376.0           2.0         1.0\n",
      "377.0           2.0         1.0\n",
      "378.0           2.0         1.0\n",
      "379.0           2.0         1.0\n",
      "380.0           2.0         1.0\n",
      "381.0           2.0         1.0\n",
      "382.0           2.0         1.0\n",
      "383.0           2.0         1.0\n",
      "384.0           3.0         2.0\n",
      "385.0           3.0         2.0\n",
      "386.0           3.0         2.0\n",
      "387.0           3.0         2.0\n",
      "388.0           3.0         2.0\n",
      "389.0           3.0         2.0\n",
      "390.0           3.0         2.0\n",
      "391.0           3.0         2.0\n",
      "392.0           3.0         2.0\n",
      "393.0           3.0         2.0\n",
      "394.0           3.0         2.0\n",
      "395.0           3.0         2.0\n",
      "396.0           3.0         2.0\n",
      "397.0           3.0         2.0\n",
      "398.0           3.0         2.0\n",
      "399.0           3.0         2.0\n",
      "400.0           3.0         2.0\n",
      "401.0           3.0         2.0\n",
      "402.0           3.0         2.0\n",
      "403.0           3.0         2.0\n",
      "404.0           3.0         2.0\n",
      "405.0           3.0         2.0\n",
      "406.0           4.0         3.0\n",
      "407.0           4.0         3.0\n",
      "408.0           4.0         3.0\n",
      "409.0           4.0         3.0\n",
      "410.0           4.0         3.0\n",
      "411.0           4.0         3.0\n",
      "412.0           4.0         3.0\n",
      "413.0           4.0         3.0\n",
      "414.0           4.0         3.0\n",
      "415.0           4.0         3.0\n",
      "416.0           4.0         3.0\n",
      "417.0           4.0         3.0\n",
      "418.0           4.0         3.0\n",
      "419.0           4.0         3.0\n",
      "420.0           4.0         3.0\n",
      "421.0           4.0         3.0\n",
      "422.0           4.0         3.0\n",
      "423.0           4.0         3.0\n",
      "424.0           4.0         3.0\n",
      "425.0           4.0         3.0\n",
      "Resub Class   1.0  2.0  3.0  4.0\n",
      "Actual Class                    \n",
      "1.0            91   13    0    1\n",
      "2.0             7  101    0    2\n",
      "3.0             0    0  108    2\n",
      "4.0             0    0    0  100\n",
      "Overall accuracy = 0.941\n",
      "ID  Actual class  Test pred\n",
      "  1.0           1.0        0.0\n",
      "  2.0           1.0        0.0\n",
      "  3.0           1.0        1.0\n",
      "  4.0           1.0        3.0\n",
      "  5.0           1.0        0.0\n",
      "  6.0           1.0        0.0\n",
      "  7.0           1.0        0.0\n",
      "  8.0           1.0        0.0\n",
      "  9.0           1.0        0.0\n",
      " 10.0           1.0        0.0\n",
      " 11.0           1.0        0.0\n",
      " 12.0           1.0        0.0\n",
      " 13.0           1.0        1.0\n",
      " 14.0           1.0        1.0\n",
      " 15.0           1.0        0.0\n",
      " 16.0           1.0        0.0\n",
      " 17.0           1.0        0.0\n",
      " 18.0           1.0        2.0\n",
      " 19.0           1.0        0.0\n",
      " 20.0           1.0        0.0\n",
      " 21.0           1.0        0.0\n",
      " 22.0           2.0        0.0\n",
      " 23.0           2.0        0.0\n",
      " 24.0           2.0        1.0\n",
      " 25.0           2.0        1.0\n",
      " 26.0           2.0        1.0\n",
      " 27.0           2.0        0.0\n",
      " 28.0           2.0        1.0\n",
      " 29.0           2.0        1.0\n",
      " 30.0           2.0        1.0\n",
      " 31.0           2.0        0.0\n",
      " 32.0           2.0        1.0\n",
      " 33.0           2.0        1.0\n",
      " 34.0           2.0        1.0\n",
      " 35.0           2.0        1.0\n",
      " 36.0           2.0        1.0\n",
      " 37.0           2.0        1.0\n",
      " 38.0           2.0        1.0\n",
      " 39.0           2.0        0.0\n",
      " 40.0           2.0        0.0\n",
      " 41.0           2.0        0.0\n",
      " 42.0           2.0        1.0\n",
      " 43.0           2.0        0.0\n",
      " 44.0           3.0        2.0\n",
      " 45.0           3.0        2.0\n",
      " 46.0           3.0        2.0\n",
      " 47.0           3.0        2.0\n",
      " 48.0           3.0        2.0\n",
      " 49.0           3.0        2.0\n",
      " 50.0           3.0        2.0\n",
      " 51.0           3.0        2.0\n",
      " 52.0           3.0        2.0\n",
      " 53.0           3.0        2.0\n",
      " 54.0           3.0        2.0\n",
      " 55.0           3.0        2.0\n",
      " 56.0           3.0        2.0\n",
      " 57.0           3.0        2.0\n",
      " 58.0           3.0        2.0\n",
      " 59.0           3.0        2.0\n",
      " 60.0           3.0        2.0\n",
      " 61.0           3.0        2.0\n",
      " 62.0           3.0        2.0\n",
      " 63.0           3.0        2.0\n",
      " 64.0           3.0        2.0\n",
      " 65.0           3.0        2.0\n",
      " 66.0           4.0        3.0\n",
      " 67.0           4.0        3.0\n",
      " 68.0           4.0        3.0\n",
      " 69.0           4.0        3.0\n",
      " 70.0           4.0        3.0\n",
      " 71.0           4.0        3.0\n",
      " 72.0           4.0        3.0\n",
      " 73.0           4.0        3.0\n",
      " 74.0           4.0        3.0\n",
      " 75.0           4.0        3.0\n",
      " 76.0           4.0        3.0\n",
      " 77.0           4.0        3.0\n",
      " 78.0           4.0        3.0\n",
      " 79.0           4.0        3.0\n",
      " 80.0           4.0        3.0\n",
      " 81.0           4.0        3.0\n",
      " 82.0           4.0        3.0\n",
      " 83.0           4.0        3.0\n",
      " 84.0           4.0        3.0\n",
      " 85.0           4.0        3.0\n",
      " 86.0           1.0        0.0\n",
      " 87.0           1.0        0.0\n",
      " 88.0           1.0        0.0\n",
      " 89.0           1.0        0.0\n",
      " 90.0           1.0        0.0\n",
      " 91.0           1.0        0.0\n",
      " 92.0           1.0        0.0\n",
      " 93.0           1.0        1.0\n",
      " 94.0           1.0        0.0\n",
      " 95.0           1.0        0.0\n",
      " 96.0           1.0        0.0\n",
      " 97.0           1.0        0.0\n",
      " 98.0           1.0        1.0\n",
      " 99.0           1.0        1.0\n",
      "100.0           1.0        0.0\n",
      "101.0           1.0        0.0\n",
      "102.0           1.0        0.0\n",
      "103.0           1.0        0.0\n",
      "104.0           1.0        0.0\n",
      "105.0           1.0        0.0\n",
